[Mono_settings]
com_port = COM3
speed = 20000
approach_speed = 2000
offset = 30000
nm_per_revolution = 2.6666666666666665
steps_per_revolution = 36000
current_grating = 1800
current_wavelength = 603.7089532318712

